     3.612085114468422e-05
     8.407909780848033e-05
     0.0001321002859899329
     0.0001801149505519907
     0.0002281135479330546
     0.0002760905988045303
      0.000324041263445295
     0.0003719608564805568
     0.0004198447422561914
     0.0004676883057079251
     0.0005154869428139481
     0.0005632360571751717
     0.0006109310588000709
     0.0006585673637733829
     0.0007061403943112329
     0.0007536455789975304
     0.0008010783531105361
     0.0008484341589963772
     0.0008957084464680766
     0.0009428966732186869
     0.0009899943052425178
      0.001036996817260848
      0.001083899693150103
      0.001130698426371338
       0.00117738852040011
      0.001223965489156373
       0.00127042485743393
      0.001316762161329329
       0.00136297294866991
      0.001409052779441003
      0.001454997226212071
      0.001500801874561745
      0.001546462323501719
      0.001591974185899403
      0.001637333088899282
      0.001682534674342955
      0.001727574599187759
      0.001772448535923991
       0.00181715217299065
      0.001861681215189624
      0.001906031384098355
      0.001950198418480892
      0.001994178074697275
       0.00203796612711126
      0.002081558368496291
      0.002124950610439745
      0.002168138683745326
      0.002211118438833665
      0.002253885746140969
      0.002296436496515834
       0.00233876660161402
      0.002380871994291278
      0.002422748628994112
       0.00246439248214849
      0.002505799552546404
      0.002546965861730366
      0.002587887454375597
      0.002628560398670105
      0.002668980786692443
      0.002709144734787162
      0.002749048383938003
      0.002788687900138664
      0.002828059474761123
      0.002867159324921673
      0.002905983693844308
        0.0029445288512217
      0.002982791093573622
      0.003020766744602778
      0.003058452155548033
      0.003095843705534984
      0.003132937801923854
      0.003169730880654678
      0.003206219406589774
      0.003242399873853372
      0.003278268806168462
      0.003313822757190824
      0.003349058310840146
      0.003383972081628228
      0.003418560714984279
      0.003452820887577268
      0.003486749307635171
      0.003520342715261277
      0.003553597882747423
       0.00358651161488407
      0.003619080749267374
      0.003651302156602956
      0.003683172741006608
      0.003714689440301778
      0.003745849226313732
      0.003776649105160559
      0.003807086117540793
      0.003837157339017729
       0.00386685988030047
      0.003896190887521507
      0.003925147542510876
      0.003953727063067011
       0.00398192670322401
       0.00400974375351548
      0.004037175541234867
      0.004064219430692282
      0.004090872823467721
        0.0041171331586607
       0.00414299791313634
      0.004168464601767783
      0.004193530777675011
       0.00421819403245985
      0.004242451996437497
       0.00426630233886407
      0.004289742768160633
       0.00431277103213338
      0.004335384918189998
      0.004357582253552269
      0.004379360905464819
       0.00440071878140003
       0.00442165382925915
      0.004442164037569399
      0.004462247435677258
      0.004481902093937832
      0.004501126123900214
      0.004519917678488959
      0.004538274952181531
      0.004556196181181806
      0.004573679643589538
      0.004590723659565784
      0.004607326591494321
      0.004623486844138981
      0.004639202864796926
      0.004654473143447827
      0.004669296212898961
      0.004683670648926202
      0.004697595070410817
      0.004711068139472177
      0.004724088561596338
      0.004736655085760364
      0.004748766504552607
      0.004760421654288636
      0.004771619415123082
      0.004782358711157211
      0.004792638510542358
      0.004802457825579003
      0.004811815712811709
      0.004820711273119752
      0.004829143651803499
      0.004837112038666584
      0.004844615668093685
      0.004851653819124113
      0.004858225815521126
      0.004864331025836808
      0.004869968863472828
      0.004875138786736753
       0.00487984029889412
      0.004884072948216145
      0.004887836328023117
      0.004891130076723521
      0.004893953877848729
      0.004896307460083424
      0.004898190597291677
       0.00489960310853866
      0.004900544858108025
      0.004901015755515008
      0.004901015755515008
      0.004900544858108026
       0.00489960310853866
      0.004898190597291677
      0.004896307460083424
      0.004893953877848729
       0.00489113007672352
      0.004887836328023117
      0.004884072948216146
       0.00487984029889412
      0.004875138786736753
      0.004869968863472827
      0.004864331025836808
      0.004858225815521126
      0.004851653819124114
      0.004844615668093685
      0.004837112038666584
        0.0048291436518035
      0.004820711273119752
       0.00481181571281171
      0.004802457825579003
      0.004792638510542358
      0.004782358711157212
      0.004771619415123082
      0.004760421654288636
      0.004748766504552607
      0.004736655085760364
      0.004724088561596338
      0.004711068139472177
      0.004697595070410817
      0.004683670648926202
      0.004669296212898961
      0.004654473143447827
      0.004639202864796926
      0.004623486844138981
      0.004607326591494322
      0.004590723659565784
      0.004573679643589539
      0.004556196181181806
      0.004538274952181532
      0.004519917678488959
      0.004501126123900214
      0.004481902093937831
      0.004462247435677258
      0.004442164037569399
       0.00442165382925915
       0.00440071878140003
      0.004379360905464819
       0.00435758225355227
      0.004335384918189998
       0.00431277103213338
      0.004289742768160634
       0.00426630233886407
      0.004242451996437496
       0.00421819403245985
      0.004193530777675011
      0.004168464601767783
       0.00414299791313634
      0.004117133158660699
      0.004090872823467721
      0.004064219430692283
      0.004037175541234868
       0.00400974375351548
       0.00398192670322401
      0.003953727063067011
      0.003925147542510876
      0.003896190887521507
       0.00386685988030047
      0.003837157339017728
      0.003807086117540793
       0.00377664910516056
      0.003745849226313732
      0.003714689440301778
      0.003683172741006607
      0.003651302156602956
      0.003619080749267374
       0.00358651161488407
      0.003553597882747422
      0.003520342715261277
       0.00348674930763517
      0.003452820887577268
      0.003418560714984279
      0.003383972081628228
      0.003349058310840146
      0.003313822757190824
      0.003278268806168463
      0.003242399873853372
      0.003206219406589775
      0.003169730880654678
      0.003132937801923854
      0.003095843705534984
      0.003058452155548034
      0.003020766744602778
      0.002982791093573622
        0.0029445288512217
      0.002905983693844308
      0.002867159324921673
      0.002828059474761123
      0.002788687900138664
      0.002749048383938003
      0.002709144734787162
      0.002668980786692443
      0.002628560398670105
      0.002587887454375597
      0.002546965861730366
      0.002505799552546404
       0.00246439248214849
      0.002422748628994112
      0.002380871994291278
       0.00233876660161402
      0.002296436496515834
      0.002253885746140969
      0.002211118438833665
      0.002168138683745326
      0.002124950610439745
      0.002081558368496291
      0.002037966127111259
      0.001994178074697276
      0.001950198418480892
      0.001906031384098355
      0.001861681215189624
       0.00181715217299065
      0.001772448535923991
      0.001727574599187759
      0.001682534674342956
      0.001637333088899282
      0.001591974185899403
      0.001546462323501719
      0.001500801874561745
      0.001454997226212071
      0.001409052779441003
       0.00136297294866991
      0.001316762161329329
       0.00127042485743393
      0.001223965489156373
       0.00117738852040011
      0.001130698426371338
      0.001083899693150102
      0.001036996817260848
     0.0009899943052425178
     0.0009428966732186869
     0.0008957084464680766
     0.0008484341589963772
      0.000801078353110536
     0.0007536455789975303
      0.000706140394311233
     0.0006585673637733828
     0.0006109310588000709
     0.0005632360571751717
     0.0005154869428139481
     0.0004676883057079251
     0.0004198447422561914
     0.0003719608564805568
      0.000324041263445295
     0.0002760905988045303
     0.0002281135479330546
     0.0001801149505519907
     0.0001321002859899329
     8.407909780848033e-05
     3.612085114468423e-05
