      0.001454311276577542
      0.003379899597872724
       0.00529527419182549
      0.007190411380742808
      0.009057780356744731
       0.01089012158506243
       0.01268033678500623
       0.01442149679026765
       0.01610686411178906
       0.01772991780757312
       0.01928437830629389
       0.02076423154507389
       0.02216375216940167
       0.02347752565197421
       0.02470046922473314
       0.02582785153479052
       0.02685531094449809
       0.02777887240310626
       0.02859496282386418
        0.0293004249066112
       0.02989252935213275
       0.03036898542088504
       0.03072794979515827
       0.03096803371034159
       0.03108830832767356
       0.03108830832767356
       0.03096803371034159
       0.03072794979515827
       0.03036898542088504
       0.02989252935213275
        0.0293004249066112
       0.02859496282386418
       0.02777887240310626
       0.02685531094449809
       0.02582785153479052
       0.02470046922473314
       0.02347752565197421
       0.02216375216940167
       0.02076423154507389
       0.01928437830629389
       0.01772991780757312
       0.01610686411178906
       0.01442149679026765
       0.01268033678500623
       0.01089012158506243
      0.009057780356744731
      0.007190411380742808
       0.00529527419182549
      0.003379899597872723
      0.001454311276577543
