     0.0005667977899644905
      0.002984015283954644
       0.00732295797599708
       0.01356780744665398
       0.02169452237859604
       0.03167169052756102
       0.04346072167210407
       0.05701601023819353
       0.07228511528502701
       0.08920896457033206
        0.1077220835498004
        0.1277528488869658
        0.1492237656465889
        0.1720517671572803
        0.1961485364075249
         0.221420847742675
        0.2477709275462679
        0.2750968325129806
        0.3032928440512175
        0.3322498772902813
         0.361855903110234
        0.3919963815619791
        0.4225547050009271
        0.4534126492199569
        0.4844508308364056
        0.5155491691635944
        0.5465873507800431
        0.5774452949990729
        0.6080036184380209
         0.638144096889766
        0.6677501227097187
        0.6967071559487825
        0.7249031674870194
        0.7522290724537322
        0.7785791522573251
        0.8038514635924752
        0.8279482328427197
        0.8507762343534111
        0.8722471511130343
        0.8922779164501996
         0.910791035429668
         0.927714884714973
        0.9429839897618064
        0.9565392783278959
         0.968328309472439
         0.978305477621404
         0.986432192553346
         0.992677042024003
        0.9970159847160454
        0.9994332022100355
