     1.407500988942489e-05
     7.415890336598396e-05
     0.0001822483797676022
     0.0003383570640044242
      0.000542472898028945
     0.0007945769724735929
      0.001094645298828634
      0.001442649141681851
      0.001838555109161366
       0.00228232518530358
      0.002773916745046456
      0.003313282563279729
      0.003900370821750987
       0.00453512511526144
      0.005217484457748611
      0.005947383288525732
      0.006724751478807411
      0.007549514338588137
      0.008421592623907903
       0.00934090254452502
       0.01030735577200609
       0.01132085944823985
       0.01238131619437827
       0.01348862412020613
       0.01464267683394077
        0.0158433634524614
       0.01709056861196839
       0.01838417247907154
       0.01972405076230699
       0.02111007472408172
        0.0225421111930445
       0.02402002257688285
       0.02554366687554416
       0.02711289769488023
       0.02872756426071377
       0.03038751143332546
       0.03209257972236079
       0.03384260530215427
       0.03563742002747045
       0.03747685144965995
       0.03936072283322867
       0.04128885317281911
       0.04326105721060175
       0.04527714545407502
       0.04733692419427227
       0.04944019552437362
        0.0515867573587212
       0.05377640345223617
       0.05600892342023478
       0.05828410275864282
       0.06060172286460541
       0.06296156105749073
       0.06536339060028568
       0.06780698072138103
       0.07029209663674446
       0.07281849957247888
       0.07538594678776439
       0.07799419159818111
       0.08064298339941095
       0.08333206769131635
       0.08606118610239277
       0.08883007641459367
        0.0916384725885247
       0.09448610478900527
       0.09737269941099469
        0.1002979791058807
        0.1032616628081276
        0.1062634657622811
        0.1093030995503287
        0.1123802721194107
        0.1154946878098817
        0.1186460473837177
        0.1218340480532674
        0.1250583835103445
        0.1283187439556587
        0.1316148161285809
        0.1349462833372427
         0.138312825488964
        0.1417141191210081
        0.1451498374316608
          0.14861965031163
        0.1521232243757629
        0.1556602229950782
        0.1592303063291101
        0.1628331313585607
        0.1664683519182577
        0.1701356187304147
        0.1738345794381903
        0.1775648786395428
        0.1813261579213784
        0.1851180558939876
        0.1889402082257683
        0.1927922476782314
        0.1966738041412854
        0.2005845046687975
        0.2045239735144267
        0.2084918321677262
         0.212487699390511
        0.2165111912534884
         0.220561921173146
        0.2246394999488954
        0.2287435358004676
        0.2328736344055554
        0.2370293989377006
        0.2412104301044219
        0.2454163261855796
        0.2496466830719732
        0.2539010943041691
        0.2581791511115538
        0.2624804424516091
         0.266804555049406
        0.2711510734373129
        0.2755195799949137
        0.2799096549891342
        0.2843208766145704
         0.288752821034016
         0.293205062419186
        0.2976771729916304
        0.3021687230638359
        0.3066792810805112
        0.3112084136600515
         0.315755685636178
        0.3203206600997501
         0.324902898440744
        0.3295019603903949
        0.3341174040634988
        0.3387487860008697
        0.3433956612119476
        0.3480575832175545
         0.352734104092792
        0.3574247745100789
         0.362129143782324
        0.3668467599062276
        0.3715771696057119
        0.3763199183754718
        0.3810745505246446
        0.3858406092205935
        0.3906176365328011
        0.3954051734768677
        0.4002027600586113
         0.405009935318265
        0.4098262373747662
        0.4146512034701352
        0.4194843700139376
        0.4243252726278268
        0.4291734461901624
        0.4340284248806995
        0.4388897422253458
         0.443756931140981
        0.4486295239803346
        0.4535070525769189
        0.4583890482900105
        0.4632750420496785
        0.4681645644018532
        0.4730571455534321
        0.4779523154174184
        0.4828496036580879
        0.4877485397361789
        0.4926486529541034
        0.4975494725011716
        0.5024505274988285
        0.5073513470458966
        0.5122514602638211
        0.5171503963419121
        0.5220476845825816
         0.526942854446568
        0.5318354355981468
        0.5367249579503215
        0.5416109517099895
        0.5464929474230812
        0.5513704760196654
        0.5562430688590191
        0.5611102577746542
        0.5659715751193004
        0.5708265538098376
        0.5756747273721732
        0.5805156299860624
        0.5853487965298648
        0.5901737626252338
         0.594990064681735
        0.5997972399413887
        0.6045948265231323
        0.6093823634671989
        0.6141593907794065
        0.6189254494753554
        0.6236800816245283
         0.628422830394288
        0.6331532400937724
         0.637870856217676
        0.6425752254899211
         0.647265895907208
        0.6519424167824455
        0.6566043387880524
        0.6612512139991303
        0.6658825959365012
        0.6704980396096052
         0.675097101559256
        0.6796793399002499
         0.684244314363822
        0.6887915863399485
        0.6933207189194888
        0.6978312769361641
        0.7023228270083696
         0.706794937580814
         0.711247178965984
        0.7156791233854296
        0.7200903450108658
        0.7244804200050863
        0.7288489265626871
         0.733195444950594
        0.7375195575483909
        0.7418208488884462
        0.7460989056958309
        0.7503533169280268
        0.7545836738144204
         0.758789569895578
        0.7629706010622994
        0.7671263655944447
        0.7712564641995323
        0.7753605000511046
         0.779438078826854
        0.7834888087465115
         0.787512300609489
        0.7915081678322738
        0.7954760264855734
        0.7994154953312025
        0.8033261958587146
        0.8072077523217687
        0.8110597917742317
        0.8148819441060124
        0.8186738420786216
        0.8224351213604573
        0.8261654205618097
        0.8298643812695853
        0.8335316480817423
        0.8371668686414393
        0.8407696936708899
        0.8443397770049218
        0.8478767756242371
          0.85138034968837
        0.8548501625683391
        0.8582858808789919
         0.861687174511036
        0.8650537166627572
        0.8683851838714191
        0.8716812560443413
        0.8749416164896555
        0.8781659519467326
        0.8813539526162824
        0.8845053121901183
        0.8876197278805893
        0.8906969004496713
        0.8937365342377188
        0.8967383371918725
        0.8997020208941193
        0.9026273005890053
        0.9055138952109947
        0.9083615274114754
        0.9111699235854063
        0.9139388138976072
        0.9166679323086837
        0.9193570166005891
        0.9220058084018189
        0.9246140532122356
        0.9271815004275211
        0.9297079033632556
         0.932193019278619
        0.9346366093997143
        0.9370384389425093
        0.9393982771353946
        0.9417158972413572
        0.9439910765797652
        0.9462235965477639
        0.9484132426412788
        0.9505598044756264
        0.9526630758057277
         0.954722854545925
        0.9567389427893982
        0.9587111468271809
        0.9606392771667713
          0.96252314855034
        0.9643625799725295
        0.9661573946978457
        0.9679074202776392
        0.9696124885666746
        0.9712724357392862
        0.9728871023051198
        0.9744563331244558
        0.9759799774231172
        0.9774578888069555
        0.9788899252759182
         0.980275949237693
        0.9816158275209285
        0.9829094313880316
        0.9841566365475386
        0.9853573231660593
        0.9865113758797939
        0.9876186838056218
        0.9886791405517601
        0.9896926442279939
         0.990659097455475
         0.991578407376092
        0.9924504856614118
        0.9932752485211926
        0.9940526167114743
        0.9947825155422514
        0.9954648748847386
         0.996099629178249
        0.9966867174367202
        0.9972260832549535
        0.9977176748146964
        0.9981614448908387
        0.9985573508583181
        0.9989053547011714
        0.9992054230275265
         0.999457527101971
        0.9996616429359956
        0.9998177516202325
        0.9999258410966341
        0.9999859249901106
